-892,524,684
-876,649,763
-838,591,734
-789,900,-551
-739,-1745,668
-689,845,-530
-687,-1600,576
-661,-816,-575
-635,-1737,486
-618,-824,-621
-601,-1648,-643
-584,868,-557
-537,-823,-458
-518,-1681,-600
-499,-1607,-770
-485,-357,347
-447,-329,318
-345,-311,381
-27,-1108,-65
7,-33,-71
390,-675,-793
396,-1931,-563
404,-588,-901
408,-1815,803
423,-701,434
432,-2009,850
443,580,662
455,729,728
459,-707,401
474,580,667
497,-1838,-617
528,-643,409
534,-1912,768
544,-627,-890
553,345,-567
564,392,-477
568,-2007,-577
630,319,-379
